79402 MATH328  3 2.7
794024 CS165X  4 3
794024 MUS239  3 6.7
794024 EE201  3 2.7
794024 ENGL121  3 0.7
794024 ART426  3 3.7
935709 ART134  3 1
327340 MUS358  3 -1
327340 ENGL431  3 -1
327340 EE405  3 3.7
327340 PSYCH233  3 4
327340 CS165  4 2.7
327340 CHEM149  3 2
514828 ME334  3 3
514828 PHYS174  3 3.3
514828 ECON438  3 3.7
942913 CHEM387  3 2.7
689391 MATH150  3 3
689391 ENGL431  3 2.3
447186 ENGL431  3 4
447186 ART333  3 4
447186 MATH368  3 4
216322 ART333  3 3
216322 CHEM230  3 3.7
216322 HIST370  3 1
216322 EE260  3 3
454865 CE132  3 4
454865 ART426  3 2.7
236235 MATH128  3 2.7
236235 EE361  3 4
236235 MATH150  3 3
236235 HIST148  3 2.3
236235 ENGL121  3 2.7
557473 ART426  3 3.3
557473 ENGL175  3 -1
557473 ENGL373  3 1.3
557473 CHEM196  3 4
557473 ENGL338  3 0.7
624044 ECON201  3 3
624044 PSYCH454  3 3.3
772378 ME298  3 -1
772378 ART158  3 3
772378 MATH307  3 1
772378 CE212  3 2.7
772378 CHEM236  3 0.7
640706 PHYS457  4 1
640706 CE212  3 3.7
640706 CE438  3 1
640706 HIST257  3 -1
640706 PHYS174  3 3.3
640706 CHEM196  3 3
268337 CS386  3 2
268337 HIST310  3 2.7
268337 ART331  3 2.7
608244 CHEM225  3 3
608244 PSYCH260  3 -1
326983 ENGL163  3 2.3
326983 PHYS174  3 4
326983 ENGL418  3 3
326983 CS454  3 -1
326983 ENGL440  3 -1
326983 PHYS109  3 2
256292 ME207  3 -1
256292 HIST148  3 2.7
256292 ART331  3 1.3
256292 PHYS109  3 3
256292 CHEM408  3 3.7
256292 CHEM387  3 3.3
511644 PSYCH165  3 1.7
511644 MATH335  3 3.3
511644 ART331  3 3.7
511644 PSYCH233  3 2.3
511644 CS454  3 1.7
511644 HIST329  3 3
665263 ART331  3 1.7
587325 MATH197  3 2
725388 CHEM225  3 2.7
725388 CE212  3 3
725388 ME298  3 2.7
725388 EE201  3 2.7
725388 PHYS174  3 4
871690 MATH128  3 2
871690 CE275  3 2.7
514267 ENGL347  3 3.7
514267 PHYS457  4 2.7
514267 PHYS174  3 4
514267 PSYCH260  3 -1
514267 ENGL121  3 0
514267 HIST257  3 3.7
903120 PHYS123  3 1.7
666450 MATH128  3 3.7
666450 PSYCH154  3 -1
666450 ME208  3 3.3
666450 ENGL121  3 3.3
884871 PSYCH154  3 -1
884871 MATH307  3 3.3
435866 ECON201  3 4
435866 EE450  3 3.3
435866 CHEM236  3 3.7
435866 HIST310  3 3
435866 CE242  3 2.3
435866 HIST290  3 4
288305 CHEM230  3 4
288305 PHYS166  3 2.3
288305 HIST329  3 3.3
288305 ENGL444  3 -1
288305 PSYCH154  3 0
288305 EE405  3 4
357681 CHEM408  3 2.7
357681 EE201  3 3.7
852429 ECON351  3 3.7
852429 CE435  3 0.7
852429 PHYS174  3 1.3
212893 MUS358  3 3.7
212893 MATH335  3 3.7
212893 CHEM225  3 1.7
212893 HIST290  3 3
212893 MATH150  3 3.7
212893 HIST257  3 3.3
549129 HIST290  3 4
598340 CE132  3 4
598340 HIST370  3 3.3
663064 CE435  3 3.3
663064 CE438  3 3
663064 HIST329  3 0.7
663064 PHYS109  3 3.7
298111 PSYCH454  3 -1
298111 ME394  4 3
298111 CHEM230  3 3.7
298111 ME208  3 1.7
298111 HIST370  3 3
298111 ENGL440  3 3.7
796287 PHYS309  3 3.3
796287 ENGL373  3 3
796287 CHEM310  3 0
796287 MATH328  3 3.7
796287 ECON438  3 2
738353 ART426  3 3.3
355728 ART333  3 3.3
355728 MATH328  3 2
355728 PSYCH260  3 3.3
355728 CHEM230  3 3
355728 ART134  3 3
355728 CHEM406  3 3.7
664285 CS319  3 1.7
664285 CS222  3 4
664285 CHEM225  3 3.7
664285 CHEM196  3 -1
664285 CE132  3 3
452223 ART158  3 2.7
452223 ART426  3 4
452223 PHYS457  4 3
693118 CHEM236  3 2
622052 PSYCH154  3 2.7
771584 MATH328  3 1
771584 MATH128  3 3.7
771584 CS222  3 -1
771584 MUS304  3 1.7
870051 ME298  3 3.7
870051 POL198  3 3
865417 PHYS457  4 2.7
865417 EE361  3 4
865417 ECON458  3 2.3
865417 ART158  3 2.3
603540 CHEM310  3 2.7
975758 ENGL225  3 3.7
975758 PSYCH165  3 4
129908 EE201  3 2.7
129908 PSYCH165  3 1.7
129908 ME193  3 3
644710 PSYCH454  3 1.7
644710 CE242  3 4
644710 ECON372  3 2.3
503502 MATH244  3 2.7
503502 CS224  3 3.3
503502 CHEM310  3 3
420182 ME186  3 2.7
420182 ECON201  3 2
420182 ECON199  4 3.3
420182 ENGL351  3 4
589072 ECON372  3 1.3
589072 ENGL440  3 -1
589072 EE157  3 1
589072 ENGL163  3 1.3
589072 ART331  3 -1
589072 MATH335  3 2.7
214314 ART333  3 3
214314 PSYCH233  3 0
214314 ART158  3 3.3
492683 HIST134  3 3
492683 ME334  3 3.7
492683 CHEM230  3 3.3
492683 CE262  3 1
695559 PSYCH454  3 0.7
695559 MUS358  3 3
695559 EE450  3 3
695559 HIST310  3 4
695559 MUS239  3 4
227500 ENGL121  3 1.7
227500 MATH328  3 2.7
227500 ENGL338  3 2.7
211341 MATH307  3 3.7
211341 MUS451  3 3.3
211341 ME193  3 2.7
904341 ENGL440  3 1
904341 HIST310  3 3.3
904341 ENGL121  3 1
904341 CE132  3 3
904341 MUS451  3 3.3
904341 CE435  3 2.7
348514 ART159  3 3
348514 HIST370  3 2
348514 CS224  3 1.7
223947 PHYS174  3 3.3
223947 EE405  3 3.3
223947 ART134  3 2.7
223947 CE435  3 2.7
223947 PHYS166  3 2.7
339652 ENGL440  3 -1
918538 CE438  3 0
918538 PSYCH165  3 3
918538 ENGL225  3 4
918538 ME208  3 2
918538 CE435  3 3.3
